 time,count
    0, 3440
    1,  670
    2,  722
    3,  524
    4,  281
    5,  141
    6,   88
    7,   70
    8,   47
    9,   45
   10,   48
   11,   45
   12,   29
   13,   28
   14,   18
   15,   22
   16,   19
   17,   19
   18,   10
   19,   11
   20,   11
   21,   11
   22,    9
   23,    6
   24,   10
   25,    7
   26,    7
   27,    5
   28,    4
   29,    4
   30,    5
   31,    1
   32,    6
   33,    2
   34,    4
   35,    2
   36,    5
   37,    3
   38,    6
   39,    4
   40,    2
   41,    7
   42,    6
   43,    3
   44,    1
   45,    1
   46,    1
   47,    7
   48,    2
   50,    5
   52,    1
   53,    2
   54,    1
   57,    1
   58,    1
   59,    1
   60,    1
   61,    1
   62,    1
   66,    3
   67,    1
   68,    1
   74,    2
   76,    1
   79,    2
   83,    1
   87,    1
   88,    1
   89,    1
   93,    1
   99,    1
  102,    1
  105,    1
  108,    1
  114,    2
  123,    1
  135,    1
  142,    1
  157,    1
  161,    1
  166,    1
  180,    1
  200,    1
  225,    1
  600,    2
  601,    3
  602,    2
  603,    1

Mean                 3.69s
Standard deviation  23.20s
Total elapsed time 218m 34s
